d = Backprop(196, 3, 10)
iter=10000
d.train(d.batchI,d.batchT,0.5,0,iter,100)
9900/10000: general err: 0.244354
Confusion Matrix on train
[[242.   0.   0.   0.   3.   1.   3.   1.   0.   0.]
 [  0. 242.   0.   0.   1.   0.   0.   6.   0.   1.]
 [  8.  29. 186.   0.   4.   0.  10.   9.   0.   4.]
 [  4.  24.   1.   0.   6.   4.   4. 195.   0.  12.]
 [  0.   2.   7.   0. 101.   0. 121.   1.   0.  18.]
 [ 18.   3.   5.   0.  18.  17.  16. 152.   0.  21.]
 [  5.   0.  16.   0.   7.   1. 219.   0.   0.   2.]
 [  4.  22.   2.   0.   6.   4.   1. 203.   0.   8.]
 [  3.  18.   3.   0.  17.   3.   6. 182.   0.  18.]
 [  2.   0.   0.   0.  61.   1.   5. 107.   0.  74.]]
Confusion Matrix on test
End reading testing data and start testing
[[241.   0.   0.   0.   0.   0.   6.   2.   0.   1.]
 [  0. 234.   2.   0.   2.   0.   0.   9.   0.   3.]
 [  4.  38. 162.   0.   8.   0.  14.  21.   0.   3.]
 [  4.  16.   3.   0.  11.   3.   0. 202.   0.  11.]
 [  0.   0.   1.   0. 123.   0.  97.  14.   0.  15.]
 [ 14.   1.   1.   0.  21.  11.   7. 180.   0.  15.]
 [ 15.   1.  22.   0.   2.   5. 203.   1.   0.   1.]
 [  4.  29.   4.   0.  12.   1.   1. 182.   0.  17.]
 [  4.  10.   2.   0.  22.   3.   8. 170.   0.  31.]
 [  3.   2.   0.   0.  90.   0.   4.  88.   0.  63.]]
Current Time: 16:39:37.317924

d = Backprop(196, 8, 10)
iter=20000
d.train(d.batchI,d.batchT,0.75,0,iter,100)
Confusion Matrix on train
19900/20000: general err: 0.110905
[[244.   0.   0.   1.   0.   2.   1.   0.   2.   0.]
 [  0. 240.   2.   1.   0.   3.   0.   1.   3.   0.]
 [  1.   2. 236.   1.   3.   1.   0.   3.   2.   1.]
 [  4.   2.   3. 224.   3.   5.   1.   2.   2.   4.]
 [  0.   6.   1.   0. 232.   1.   2.   0.   0.   8.]
 [  1.   0.   5.   8.   1. 230.   2.   1.   2.   0.]
 [  1.   1.   0.   0.   2.   2. 243.   0.   1.   0.]
 [  1.   1.   1.   2.   5.   0.   1. 237.   0.   2.]
 [  3.   4.   4.   4.   0.   7.   2.   0. 221.   5.]
 [  4.   0.   1.   3.  15.   3.   0.   4.   0. 220.]]
Confusion Matrix on test
[[229.   0.   5.   2.   1.   2.   9.   1.   1.   0.]
 [  0. 245.   1.   0.   0.   0.   3.   0.   1.   0.]
 [  5.   0. 206.   5.   1.   0.   5.  11.  14.   3.]
 [  1.   4.  16. 180.   4.  23.   1.  13.   5.   3.]
 [  0.   2.   2.   0. 205.   1.  11.   0.   2.  27.]
 [  7.   1.   5.   8.   7. 198.   4.   4.  16.   0.]
 [  7.   1.   7.   0.   8.  10. 209.   1.   7.   0.]
 [  2.   7.  14.   3.  12.   1.   1. 197.   1.  12.]
 [  6.   8.  11.   8.   3.  24.   9.   4. 159.  18.]
 [  3.   2.   1.   3.  19.   3.   1.   9.   5. 204.]]
Current Time: 17:43:56.318751